../../.git/annex/objects/k5/M4/MD5E-s70--867dfcd81fcb1e0e999645ae7268f772.csv/MD5E-s70--867dfcd81fcb1e0e999645ae7268f772.csv